1067846521
1003671325
1156993653
776996963
815135759
846191161
1050490735
1223213032
1173051654
1142057234
1169950244
162464268
1161934694
1101540326
935926555
1033677413
1125558739
884689417
1189487895
882156211
1158688994
985313233
1092237536
677169147
123582533
-1001485026609
1095581871
625923617
279671779
1187453190
1070553086
927719084
686758483
-1001212076005
1052036724
1209436657
1002490612
708561566
699269080
901430114
1217863786
-1001212076005
1123626496
953773932
911481900
1012516924
338802905
933286139
-1001212076005
-1001212076005
-1001212076005
1179490625
1117495507
993475431
1036821423
1070306791
1047058725
438277620
626384073
-1001264064509
994409758
785702225
-1001157538207
911382595
1091344977
1166228572
672136420
362179525
1092128551
835447982
66767516
1156361632
758999202
-1001212076005
-1001212076005
1054804189
721093937
961631705
808831557
1005432534
1126414823
-1001212076005
-1001212076005
-1001212076005
-1001212076005
1112580544
-1001157036341
876122804
1260911386
919964569
1075324237
382288038
-1001212076005
-1001212076005
-1001212076005
1083812856
710647002
1013301493
1180781159
760972203
1382839097
1186321813
-1001157036341
1188987077
980945467
-1001264064509
-1001264064509
-1001264064509
-1001460010310
759785161
1106013640
534553825
1158281757
1358811639
1002068693
864292950
702676975
985969398
692768284
1181930138
240184736
1072946813
1078854654
1165856233
1366990569
1043679556
968808045
690660919
1211347804
937965023
1265570799
1091638580
773128553
1299432028
288395135
999648389
1155718003
999214868
1244660135
1076702345
444472361
475670877
274299714
1234404545
1225033729
727815036
678282998
1025101629
1038320283
306405161
1355842161
389713189
1036128224
906611146
806424615
1002057165
1196872968
1199539606
755481529
652959393
839230182
986676512
1046576992
967079437
1131229565
1164707484
1380812260
1060766194
660783783
775441215
1095439608
1046037529
985061314
-440491743
1165228216
615251687
1369534315
1168437821
1277729693
1438063106
1028977485
1055022273
796418006
253288765
290330776
683890340
864097642
1236587634
1043446460
1242090744
1050100621
1391364321
1266631984
1026279790
1055926015
393038470
1209810808
1097482021
1003013980
985996627
907935676
1018601112
1308703549
1236144832
1161356676
621551087
1162861610
1330730251
904512787
937924478
890027773
945370540
427737287
821304112
1027865680
906733181
1231836371
1073324479
1375886776
921082336
789186819
1320465466
717799321
885513547
1018596406
1166035560
-1001460635738
-1001460635738
1116677251
1036732449
42791846
1206556414
339953419
942303920
1303221554
938903516
1029250336
867897337
1131975650
1387189656
1170162855
879940983
1188811077
623705930